21900495
21900493
21900494
21900491
21900492
21900490
21900489
21900487
21900488
21900486
21900485
21900484
21900483
21900482
21900481
21900480
21900477
21900478
21900475
21900479
21900476
21900473
21900474
21900472
21900471
21900470
21900469
21900467
21900468
21900466
21900465
21900464
21900463
21900462
21900461
21900460
21900459
21900458
21900457
21900456
21900455
21900454
21900452
21900453
21900451
21900450
21900449
21900444
21900445
21900446
21900447
21900448
21900443
21900441
21900442
21900440
21900439
21900438
21900437
21900436
21900435
21900434
21900432
21900433
21900431
21900430
21900429
21900428
21900427
21900424
21900426
21900425
21900422
21900423
21900420
21900421
21900419
21900418
21900417
21900416
21900415
21900413
21900414
21900411
21900412
21900407
21900408
21900410
21900409
21900406
21900405
21900404
21900403
21900401
21900402
21900400
21900396
21900397
21900398
21900399
21900395
21900394
21900393
21900392
21900390
21900391
21900389
21900388
21900387
21900386
21900384
21900385
21900382
21900383
21900381
21900380
21900378
21900377
21900379
21900375
21900376
21900373
21900374
21900371
21900372
21900370
21900369
21900368
21900367
21900366
21900365
21900364
21900363
21900361
21900362
21900360
21900356
21900357
21900358
21900359
21900355
21900354
21900353
21900352
21900351
21900349
21900350
21900345
21900346
21900347
21900348
21900344
21900343
21900342
21900341
21900340
21900337
21900338
21900339
21900336
21900335
21900334
21900333
21900331
21900332
21900330
21900329
21900327
21900328
21900323
21900325
21900324
21900326
21900320
21900321
21900322
21900319
21900317
21900318
21900316
21900315
21900314
21900313
21900311
21900312
21900309
21900310
21900306
21900307
21900308
21900305
21900304
21900303
21900302
21900301
21900299
21900300
21900298
21900296
21900297
21900295
21900293
21900294
21900292
21900290
21900291
21900288
21900289
21900287
21900286
21900285
21900284
21900282
21900283
21900281
21900280
21900279
21900278
21900277
21900276
21900272
21900274
21900273
21900275
21900270
21900271
21900268
21900269
21900267
21900266
21900265
21900264
21900263
21900262
21900259
21900260
21900261
21900258
21900253
21900254
21900255
21900256
21900257
21900252
21900251
21900250
21900249
21900247
21900248
21900243
21900244
21900245
21900246
21900240
21900241
21900242
21900239
21900238
21900236
21900237
21900235
21900234
21900233
21900231
21900232
21900228
21900229
21900230
21900226
21900227
21900225
21900224
21900222
21900223
21900221
21900219
21900220
21900218
21900217
21900215
21900216
21900214
21900213
21900212
21900211
21900209
21900210
21900204
21900205
21900208
21900206
21900207
21900202
21900203
21900201
21900200
21900198
21900199
21900197
21900195
21900196
21900194
21900192
21900193
21900190
21900191
21900189
21900188
21900187
21900186
21900185
21900184
21900183
21900182
21900180
21900181
21900178
21900179
21900177
21900176
21900175
21900173
21900174
21900169
21900170
21900171
21900172
21900167
21900168
21900166
21900165
21900163
21900164
21900162
21900161
21900159
21900160
21900158
21900156
21900157
21900154
21900155
21900153
21900150
21900151
21900152
21900149
21900148
21900146
21900147
21900144
21900145
21900142
21900141
21900143
21900140
21900139
21900138
21900137
21900136
21900135
21900133
21900134
21900132
21900131
21900129
21900130
21900128
21900127
21900126
21900125
21900123
21900124
21900122
21900120
21900121
21900119
21900116
21900117
21900118
21900115
21900114
21900113
21900112
21900111
21900110
21900109
21900108
21900105
21900107
21900106
21900103
21900104
21900102
21900100
21900101
21900099
21900097
21900098
21900096
21900095
21900093
21900094
21900092
21900091
21900090
21900089
21900088
21900086
21900087
21900085
21900084
21900083
21900081
21900080
21900082
21900078
21900079
21900077
21900076
21900075
21900074
21900073
21900072
21900069
21900070
21900071
21900068
21900067
21900066
21900065
21900064
21900063
21900062
21900061
21900058
21900059
21900060
21900055
21900056
21900057
21900054
21900053
21900052
21900051
21900049
21900050
21900048
21900045
21900046
21900047
21900043
21900044
21900041
21900042
21900040
21900038
21900039
21900037
21900036
21900035
21900033
21900030
21900032
21900034
21900031
21900028
21900029
21900027
21800369
21900026
21900025
21900024
21900023
21900020
21900021
21900022
21900019
21900017
21900018
21900016
21900015
21900014
21900012
21900013
21900011
21900009
21900010
21900006
21900007
21900008
21900003
21900004
21900005
21900002
21900001
11900079
11900078
11900076
11900077
11900075
11900074
11900073
11900072
11900070
11900071
11900069
11900068
11900066
11900064
11900063
11900065
11900062
11900059
11900060
11900061
11900058
11900056
11900057
11900055
11900054
11900053
11900049
11900050
11900051
11900048
11900046
11900045
11900044
11900043
11900042
11900040
11900041
11900037
11900038
11900039
11900035
11900036
11900034
11900031
11900030
11900028
11900029
11900026
11900027
11900024
11900023
11900022
11900021
11900019
11900017
11900016
11900015
11900013
11900014
11900010
11900007
11900006
11900005
11900003
11900002
41800406
41800405
41800404
41800403
41800402
41800401
41800306
41800305
41800304
41800314
41800303
41800313
41800302
41800312
41800301
41800311
41800217
41800237
41800226
41800236
41800216
41800225
41800205
41800235
41800215
41800224
41800204
41800234
41800214
41800223
41800233
41800203
41800213
41800232
41800222
41800202
41800231
41800212
41800221
41800201
41800157
41800211
41800146
41800156
41800145
41800175
41800165
41800155
41800125
41800115
41800174
41800104
41800164
41800114
41800144
41800134
41800173
41800103
41800154
41800124
41800163
41800133
41800113
41800143
41800153
41800123
41800172
41800102
41800132
41800162
41800152
41800112
41800142
41800122
41800171
41800101
41800161
41800131
41800151
41800141
41800111
41800121
21801228
21801229
21801230
21801220
21801221
21801222
21801225
21801226
21801223
21801224
21801227
21801219
21801218
21801217
21801216
21801213
21801214
21801215
21801212
21801209
21801210
21801211
21801208
21801206
21801207
21801205
21801203
21801204
21801200
21801202
21801201
21801199
21801198
21801197
21801196
21801195
21801194
21801193
21801190
21801191
21801192
21801189
21801188
21801187
21801184
21801183
21801185
21801186
21801180
21801181
21801182
21801179
21801178
21801177
21801176
21801174
21801175
21801173
21801172
21801171
21801168
21801169
21801170
21801165
21801166
21801167
21801164
21801163
21801162
21801161
21801160
21801159
21801158
21801157
21801153
21801154
21801155
21801156
21801152
21801151
21801150
21801148
21801149
21801147
21801146
21801145
21801144
21801142
21801143
21801141
21801139
21801140
21801137
21801138
21801136
21801135
21801134
21801132
21801133
21801131
21801130
21801129
21801126
21801127
21801128
21801124
21801125
21801122
21801123
21801121
21801120
21801117
21801118
21801119
21801116
21801115
21801114
21801113
21801111
21801112
21801109
21801110
21801107
21801108
21801106
21801105
21801104
21801103
21801102
21801101
21801100
21801099
21801098
21801097
21801096
21801095
21801093
21801094
21801092
21801090
21801091
21801088
21801089
21801087
21801086
21801085
21801084
21801081
21801082
21801083
21801080
21801079
21801077
21801078
21801076
21801074
21801075
21801073
21801072
21801071
21801069
21801070
21801068
21801065
21801066
21801067
21801064
21801063
21801061
21801062
21801060
21801059
21801058
21801057
21801056
21801054
21801055
21801052
21801053
21801050
21801051
21801048
21801049
21801046
21801047
21801044
21801043
21801045
21801042
21801040
21801041
21801037
21801038
21801039
21801036
21801035
21801034
21801033
21801032
21801030
21801029
21801031
21801026
21801027
21801028
21801025
21801024
21801023
21801022
21801020
21801021
21801019
21801018
21801016
21801014
21801017
21801015
21801013
21801012
21801009
21801011
21801010
21801007
21801008
21801006
21801005
21801004
21801003
21801001
21801002
21801000
21800998
21800999
21800997
21800995
21800996
21800993
21800994
21800992
21800991
21800990
21800989
21800988
21800987
21800986
21800984
21800985
21800980
21800981
21800982
21800979
21800983
21800977
21800978
21800976
21800975
21800974
21800973
21800972
21800970
21800971
21800968
21800969
21800965
21800966
21800967
21800964
21800963
21800962
21800961
21800959
21800960
21800958
21800957
21800955
21800956
21800954
21800952
21800953
21800951
21800948
21800949
21800950
21800945
21800946
21800947
21800944
21800941
21800942
21800943
21800939
21800938
21800940
21800937
21800936
21800935
21800934
21800933
21800932
21800931
21800930
21800928
21800929
21800926
21800925
21800927
21800924
21800922
21800923
21800921
21800920
21800919
21800918
21800917
21800913
21800916
21800912
21800914
21800915
21800911
21800910
21800909
21800908
21800907
21800902
21800903
21800904
21800905
21800906
21800900
21800901
21800897
21800898
21800899
21800896
21800895
21800894
21800893
21800892
21800891
21800889
21800890
21800888
21800883
21800884
21800885
21800887
21800886
21800882
21800881
21800880
21800879
21800877
21800878
21800873
21800874
21800875
21800876
21800871
21800872
21800870
21800869
21800867
21800868
21800866
21800865
21800864
21800863
21800862
21800860
21800859
21800858
21800861
21800855
21800856
21800857
21800853
21800854
21800852
21800850
21800851
21800849
21800848
21800847
21800843
21800844
21800845
21800846
21800842
21800839
21800840
21800841
21800838
21800837
21800836
21800835
21800834
21800833
21800832
21800829
21800830
21800831
21800827
21800828
21800826
21800825
21800824
21800823
21800822
21800821
21800820
21800817
21800818
21800819
21800816
21800815
21800814
21800813
21800811
21800812
21800810
21800809
21800808
21701027
21800807
21800805
21800806
21800804
21800803
21800801
21800802
21800800
21800799
21800796
21800797
21800798
21800795
21800794
21800793
21800792
21800790
21800791
21800789
21800788
21800787
21800785
21800783
21800784
21800786
21800782
21800779
21800780
21800781
21800776
21800777
21800778
21800775
21800774
21800773
21800772
21800771
21800770
21800768
21800769
21800767
21800766
21800765
21800764
21800763
21800762
21800760
21800761
21800759
21800756
21800757
21800758
21800755
21800754
21800753
21800752
21800749
21800750
21800751
21800748
21800747
21800746
21800744
21800745
21800743
21800741
21800739
21800737
21800740
21800742
21800738
21800735
21800736
21800734
21800733
21800732
21800731
21800730
21800728
21800729
21800726
21800727
21800723
21800724
21800725
21800721
21800722
21800720
21800719
21800718
21800717
21800144
21800716
21800715
21800712
21800713
21800714
21800711
21800707
21800708
21800709
21800710
21800706
21800705
21800704
21800703
21800702
21800701
21800700
21800699
21800698
21800697
21800696
21800695
21800694
21800693
21800692
21800691
21800689
21800690
21800688
21800687
21800686
21800685
21800683
21800684
21800680
21800681
21800682
21800679
21800678
21800676
21800677
21800675
21800674
21800671
21800672
21800673
21800670
21800669
21800668
21800666
21800667
21800665
21800663
21800664
21800662
21800661
21800658
21800659
21800660
21800657
21800656
21800655
21800654
21800653
21800651
21800652
21800650
21800649
21800648
21800647
21800646
21800645
21800644
21800643
21800642
21800641
21800640
21800638
21800639
21800636
21800637
21800635
21800633
21800634
21800632
21800631
21800630
21800629
21800628
21800627
21800625
21800626
21800623
21800624
21800621
21800622
21800620
21800619
21800618
21800617
21800616
21800615
21800614
21800613
21800610
21800611
21800612
21800609
21800607
21800608
21800605
21800606
21800604
21800603
21800601
21800602
21800599
21800600
21800597
21800598
21800596
21800593
21800594
21800595
21800592
21800591
21800590
21800589
21800588
21800587
21800584
21800586
21800585
21800582
21800583
21800580
21800581
21800579
21800578
21800577
21800576
21800574
21800575
21800573
21800572
21800566
21800569
21800570
21800568
21800571
21800567
21800565
21800564
21800563
21800562
21800561
21800558
21800559
21800560
21800557
21800554
21800555
21800556
21800553
21800551
21800552
21800550
21800549
21800548
21800546
21800547
21800544
21800545
21800543
21800542
21800541
21800540
